tree
version=v4
num_class=1
num_tree_per_iteration=1
label_index=0
max_feature_idx=42
objective=lambdarank
feature_names=Column_0 Column_1 Column_2 Column_3 Column_4 Column_5 Column_6 Column_7 Column_8 Column_9 Column_10 Column_11 Column_12 Column_13 Column_14 Column_15 Column_16 Column_17 Column_18 Column_19 Column_20 Column_21 Column_22 Column_23 Column_24 Column_25 Column_26 Column_27 Column_28 Column_29 Column_30 Column_31 Column_32 Column_33 Column_34 Column_35 Column_36 Column_37 Column_38 Column_39 Column_40 Column_41 Column_42
feature_infos=[-2.2573744151756658:2.3006221221895862] [-1.3247070746197511:18.699765730395598] [-1.3283920109032477:19.30498815201932] [-0.11468720215138481:8.6276207352074135] [-0.18052338900376438:35.104300383999622] [-1.0285271820603927:10.572824046968565] [-0.36814063712395728:2.7163532062452815] [-1.2589435867414724:0.79431676727334866] [-2.5612005763564358:2.7261320810941752] [-2.269298237946177:18.830191147621573] [-1.6758951549707839:19.403906607892839] [-0.42794143755068503:8.6564568104004138] [-3.4855937934135279:35.194562078501505] [-1.7417267986147249:10.996452081521973] [-1.572092548078136:2.9004235248072603] [-1.6561019703781468:1.4237885606440848] [0.00021543269716367552:2.7261320810941752] [7.7131325935786421e-05:18.830191147621573] [6.7333003356262466e-07:19.403906607892839] [0.018676467944818836:8.6564568104004138] [0.090261694501882206:35.194562078501505] [2.6252042952978893e-05:10.996452081521973] [0.18407031856197861:2.9004235248072603] [0.39715838363667427:1.6561019703781468] [-2.8980260555781374:3.3622779391464825] [-1.8644541455352375:23.203603847945232] [-1.9116159408349651:24.469365198888344] [-0.32779310269588058:12.195912973491671] [-0.37872602381745957:49.772627013198651] [-1.4153031911777403:15.035197728661455] [-1.6318214105589308:4.1018182854084042] [-2.3420818671815806:2.0135410924145325] [-2.9698221281541928:0.9424300281634681] [-94.154150469314089:98.294006013199592] [-138.887062029341:43.443646618064307] [-36.809431454316538:3.1901423590361513] [-622.15467358217813:437.01672481675644] [-56.809845371913354:46.794064491829047] [-4.3765956624358893:2.4943428140249164] [-1.6036306687116659:0.74280832892934323] [-621.6048691433565:437.65674476076356] none none
tree_sizes=903 906 903 899 910 909 906 913 901 910 908 911 897 909 908 905 908 906 905 912 910 901 904 912 900 899 912 907 903 906 908 905 899 898 900 893 903 900 907 907 916 917 889 905 891 895 903 903 908 907 893 909 898 890 901 900 899 901 897 887

Tree=0
num_leaves=7
num_cat=0
split_feature=40 39 40 38 39 16
split_gain=1628.97 538.656 386.425 250.294 150.473 108.84
threshold=1.064883028129666 -0.76763468692571879 1.900330467289485 -0.65486155556191405 -0.42898351045174976 1.3957382719416096
decision_type=2 2 2 2 2 2
left_child=1 -1 4 -3 -2 -4
right_child=2 3 5 -5 -6 -7
leaf_value=-0.10679085647707877 -0.075872381511230727 -0.08042227898021001 0.076464400222550258 -0.014811356220347568 0.02274277791090731 -0.032340366830456088
leaf_weight=568.38100968673825 103.25071682780981 422.99331426247954 1368.8032605163753 3048.3620261438191 1988.2298203296959 60.956374797970057
leaf_count=6493 1059 4408 6288 24315 13105 532
internal_value=-3.54382e-09 -0.0346641 0.0397668 -0.0228271 0.0178405 0.0718063
internal_weight=7560.98 4039.74 3521.24 3471.36 2091.48 1429.76
internal_count=56200 35216 20984 28723 14164 6820
is_linear=0
shrinkage=0.08


Tree=1
num_leaves=7
num_cat=0
split_feature=39 16 38 39 2 21
split_gain=952.186 567.5 451.773 342.406 210.09 159.816
threshold=-0.42898351045174976 1.2119263975262147 0.64506025119707544 0.018505906076022597 -0.52695693843474201 0.32606738970495658
decision_type=2 2 2 2 2 2
left_child=-1 2 3 -2 -3 -4
right_child=1 4 5 -5 -6 -7
leaf_value=-0.058889475631501861 -0.011513529458568076 0.011878168087365795 -0.097045474655708952 0.017732115051810021 -0.037069544231933545 0.079458298407214092
leaf_weight=1599.0584766631946 3607.5716869570315 739.41234166081995 33.510988461785018 8835.3121969592758 2322.1886066189036 751.11048376187682
leaf_count=10535 12342 2385 89 20519 9322 1008
internal_value=-7.34943e-10 0.00578428 0.0129683 0.00925267 -0.0252481 0.0718059
internal_weight=17888.2 16289.1 13227.5 12442.9 3061.6 784.621
internal_count=56200 45665 33958 32861 11707 1097
is_linear=0
shrinkage=0.08


Tree=2
num_leaves=7
num_cat=0
split_feature=40 40 39 8 13 26
split_gain=679.935 296.415 288.677 194.7 202.407 181.441
threshold=1.0048265965759129 2.7925499294179428 -0.76763468692571879 1.0556794935942098 -0.24374789167253344 0.20453659981224168
decision_type=2 2 2 2 2 2
left_child=2 3 5 -2 -5 -1
right_child=1 -3 -4 4 -6 -7
leaf_value=-0.10868780098249861 0.01173739655359576 0.054898812129958008 -0.013335567292166159 -0.0041686374386448038 -0.11854670066799308 -0.025603658117493766
leaf_weight=344.84907367150299 8504.2150113186799 1002.4164386242628 6744.7443310432136 294.77627004683018 148.16493852809072 329.09188931947574
leaf_count=3999 19176 1526 27467 865 746 2421
internal_value=-3.49474e-10 0.0136675 -0.0183295 0.00904243 -0.0426092 -0.0682151
internal_weight=17368.3 9949.57 7418.69 8947.16 442.941 673.941
internal_count=56200 22313 33887 20787 1611 6420
is_linear=0
shrinkage=0.08


Tree=3
num_leaves=7
num_cat=0
split_feature=40 39 9 20 5 12
split_gain=554.382 287.792 180.781 168.36 166.07 140.3
threshold=1.6828279514363038 -0.76763468692571879 -1.1881321335693023 3.3620445293144736 -0.84289368185191649 -0.14019304889764125
decision_type=2 2 2 2 2 2
left_child=1 -1 5 -4 -2 -3
right_child=4 2 3 -5 -6 -7
leaf_value=-0.060740202138275266 0.059193503875298079 -0.15533144400358873 -0.0032957418708021687 -0.07746657515785467 0.016530594861778478 -0.034309374357685746
leaf_weight=661.06199520267546 674.23807904170826 81.731269028969109 10562.597808394581 198.5671927286312 4332.9623199473135 240.14295457769185
leaf_count=7111 1129 566 37090 906 8343 1055
internal_value=-3.72113e-10 -0.00950291 -0.0064416 -0.00467143 0.022286 -0.0654256
internal_weight=16751.3 11744.1 11083 10761.2 5007.2 321.874
internal_count=56200 46728 39617 37996 9472 1621
is_linear=0
shrinkage=0.08


Tree=4
num_leaves=7
num_cat=0
split_feature=40 22 29 15 29 8
split_gain=414.022 226.464 191.689 175.398 160.934 140.464
threshold=0.77376685582717986 0.7238567411515956 -1.0012235514039642 1.3724570517937145 -0.87278186322180284 -1.2182620301842904
decision_type=2 2 2 2 2 2
left_child=2 4 -1 -4 -2 -6
right_child=1 -3 3 -5 5 -7
leaf_value=-0.082033068768908743 -0.058398265641129633 0.042849077403041752 -0.011712222200417972 -0.10289530081398207 -0.037085845453935853 0.0092366128525979314
leaf_weight=278.20831653731875 246.31744136102498 1152.2513497101609 5272.636115959147 137.58571027335711 439.19187331665307 8690.7326753798407
leaf_count=2724 919 2667 23863 1992 1971 22064
internal_value=-1.66806e-10 0.00939553 -0.0173884 -0.0140497 0.00528027 0.00700447
internal_weight=16216.9 10528.5 5688.43 5410.22 9376.24 9129.92
internal_count=56200 27621 28579 25855 24954 24035
is_linear=0
shrinkage=0.08


Tree=5
num_leaves=7
num_cat=0
split_feature=38 38 15 33 20 25
split_gain=236.39 190.362 168.194 168.921 142.632 115.096
threshold=0.64506025119707544 -0.65486155556191405 1.1671310163922326 0.27022327268648372 0.10690547930046872 -0.91852760032231806
decision_type=2 2 2 2 2 2
left_child=1 -1 3 -3 -4 -2
right_child=5 2 4 -5 -6 -7
leaf_value=-0.047008263580467037 -0.020157864292047138 -0.0030429285543042734 -0.011853368123267156 0.019185255269242169 -0.087867489007836336 0.054875329833360714
leaf_weight=585.8937996851746 160.47699472028762 10876.565611333819 440.94110970408656 2737.9980597284157 245.51797130587511 696.84675785293803
leaf_count=5427 551 37163 2337 6886 2513 1323
internal_value=-1.6533e-10 -0.00235356 -0.000520953 0.00142842 -0.0391287 0.0408232
internal_weight=15744.2 14886.9 14301 13614.6 686.459 857.324
internal_count=56200 54326 48899 44049 4850 1874
is_linear=0
shrinkage=0.08


Tree=6
num_leaves=7
num_cat=0
split_feature=40 39 2 0 15 32
split_gain=303.843 211.689 109.386 106.559 135.989 116.437
threshold=1.8451054461727796 -0.76763468692571879 -0.57824314263192544 0.42107634549480982 -1.0914553730240708 0.49304993904782801
decision_type=2 2 2 2 2 2
left_child=1 -1 -2 5 -5 -3
right_child=2 3 -4 4 -6 -7
leaf_value=-0.053836025991451077 0.042223961306568532 0.0017038725526853224 0.011455306072134717 -0.1073413216803679 -0.013316332770565853 -0.14727962210204948
leaf_weight=575.22476947214454 987.04260769695975 7636.3514634440653 2944.51062919572 100.68363539036363 3120.7945998536889 32.721658335067332
leaf_count=7141 1627 28133 5855 583 12530 331
internal_value=-2.69183e-10 -0.00658082 0.0191888 -0.00408015 -0.0162874 0.00104909
internal_weight=15397.3 11465.8 3931.55 10890.6 3221.48 7669.07
internal_count=56200 48718 7482 41577 13113 28464
is_linear=0
shrinkage=0.08


Tree=7
num_leaves=7
num_cat=0
split_feature=38 38 28 17 36 1
split_gain=194.774 150.118 120.411 246.797 135.645 87.8553
threshold=0.64506025119707544 -0.65486155556191405 -0.32293202472262666 0.084867760836545361 1.0000000180025095e-35 -0.73093206823784962
decision_type=2 2 2 2 2 2
left_child=1 -1 3 -3 -4 -2
right_child=5 2 4 -5 -6 -7
leaf_value=-0.043265954173280552 -0.0072497644178762333 0.059107246567247362 0.033404227615269594 -0.047580197470349556 -0.0006008078415638096 0.054583231913913968
leaf_weight=545.21637476864271 196.52294719405472 168.66007490456104 800.4666551570408 763.27759859943762 11864.427671471261 580.8155185864307
leaf_count=5427 698 371 2930 3128 42470 1176
internal_value=-1.80206e-10 -0.00214419 -0.000492197 -0.0282295 0.0015509 0.0389617
internal_weight=14919.4 14142 13596.8 931.938 12664.9 777.338
internal_count=56200 54326 48899 3499 45400 1874
is_linear=0
shrinkage=0.08


Tree=8
num_leaves=7
num_cat=0
split_feature=40 39 16 5 16 14
split_gain=253.442 197.462 136.963 117.691 121.07 103.064
threshold=1.9910574264340533 -0.76763468692571879 0.72231505349233238 -0.76458716139243221 1.3957382719416096 -1.1865308176569811
decision_type=2 2 2 2 2 2
left_child=1 -1 -3 -2 -5 -4
right_child=3 2 5 4 -6 -7
leaf_value=-0.051612221412930287 0.053882502012902532 0.005146258669350404 -0.090555096219984685 0.015751162925258452 -0.12217370496747337 -0.010884819264179755
leaf_weight=557.01621294405777 569.34013158455491 6188.3812213437632 105.14205150818452 2254.198580681812 40.490471607074142 5017.3934588958509
leaf_count=7149 1095 20923 873 4370 255 21535
internal_value=-8.54963e-12 -0.005155 -0.00286281 0.0213556 0.0132653 -0.0125374
internal_weight=14732 11867.9 11310.9 2864.03 2294.69 5122.54
internal_count=56200 50480 43331 5720 4625 22408
is_linear=0
shrinkage=0.08


Tree=9
num_leaves=7
num_cat=0
split_feature=40 15 4 30 12 2
split_gain=239.653 123.981 92.0124 200.676 108.963 73.8912
threshold=1.7516851974000882 1.3724570517937145 1.0000000180025095e-35 -0.48340960670909505 -0.32327468168209322 -0.55468574247325364
decision_type=2 2 2 2 2 2
left_child=1 2 4 -4 -1 -2
right_child=5 -3 3 -5 -6 -7
leaf_value=-0.056320376016841464 0.034715280446511218 -0.088199198045825183 -0.10961332822946919 0.023876326770466135 -0.0064849817204546394 0.010112170257788343
leaf_weight=288.94125987915322 1086.9104542150162 115.84516853326932 75.978741599712521 1133.5144027252682 8922.7323922311189 2776.6661346300971
leaf_count=1615 2037 2108 583 4331 38975 6551
internal_value=-1.70409e-10 -0.00624931 -0.00532996 0.0154071 -0.00805411 0.0170408
internal_weight=14400.6 10537 10421.2 1209.49 9211.67 3863.58
internal_count=56200 47612 45504 4914 40590 8588
is_linear=0
shrinkage=0.08


Tree=10
num_leaves=7
num_cat=0
split_feature=40 39 16 37 12 8
split_gain=215.621 153.826 83.872 132.78 75.5976 73.5672
threshold=1.8451054461727796 -0.76763468692571879 1.738403581099379 0.20943209554918138 -3.1527180974417974 -1.4803489825630536
decision_type=2 2 2 2 2 2
left_child=1 -1 4 -4 -3 -2
right_child=5 2 3 -5 -6 -7
leaf_value=-0.047898500837633397 -0.075223181465200975 -0.074617158378912751 -0.056554280967550163 0.010040940434761137 -0.00061273722296181614 0.018955873500909316
leaf_weight=522.11964674264891 52.968001131899655 88.190049240365624 454.11984757240862 330.49582200823352 9305.3030819148989 3369.1512868271675
leaf_count=7141 310 570 2856 1245 36906 7172
internal_value=-1.68156e-10 -0.00559043 -0.00341561 -0.028526 -0.00131539 0.0174766
internal_weight=14122.3 10700.2 10178.1 784.616 9393.49 3422.12
internal_count=56200 48718 41577 4101 37476 7482
is_linear=0
shrinkage=0.08


Tree=11
num_leaves=7
num_cat=0
split_feature=39 40 17 16 34 21
split_gain=189.699 141.954 106.772 93.7629 100.126 79.9755
threshold=-0.42898351045174976 2.1175936552030477 0.084867760836545361 0.7416605463044279 -1.5969420132564631 0.58810092726815566
decision_type=2 2 2 2 2 2
left_child=2 3 -1 -2 -5 -3
right_child=1 5 -4 4 -6 -7
leaf_value=-0.14049875707636106 0.0051909671816140332 0.010452010633083195 -0.025949862337391889 -0.094940298163938036 -0.0083349877702957684 0.042801280453551707
leaf_weight=53.837822873669211 6281.0575001623947 1468.5140059401747 1064.7587370075635 86.185419079381973 4288.2784502932336 733.09251761459745
leaf_count=773 20643 3022 9762 803 19641 1556
internal_value=-1.08544e-10 0.00275008 -0.0315836 -0.00107151 -0.0100626 0.0212382
internal_weight=13975.7 12857.1 1118.6 10655.5 4374.46 2201.61
internal_count=56200 45665 10535 41087 20444 4578
is_linear=0
shrinkage=0.08


Tree=12
num_leaves=7
num_cat=0
split_feature=40 39 5 16 13 2
split_gain=175.362 128.298 70.2278 71.149 80.6391 65.618
threshold=1.9322864414455909 -0.76763468692571879 -0.84289368185191649 1.3957382719416096 -0.66002098493711336 0.02197126749129328
decision_type=2 2 2 2 2 2
left_child=1 5 -2 4 -4 -1
right_child=2 -3 3 -5 -6 -7
leaf_value=-0.0769650433509705 0.045739647716677524 -0.0027595247675542473 -0.085110740524270243 -0.10745595078868808 0.015738346744530063 -0.018265938628390547
leaf_weight=219.46460513729835 470.76089987321757 10388.252916458761 50.885314769111574 30.512042935471982 2343.1336615062319 274.44946269731736
leaf_count=4318 996 42674 189 287 4908 2828
internal_value=2.74359e-12 -0.0046557 0.0174944 0.0119935 0.0135601 -0.044451
internal_weight=13777.5 10882.2 2895.29 2424.53 2394.02 493.914
internal_count=56200 49820 6380 5384 5097 7146
is_linear=0
shrinkage=0.08


Tree=13
num_leaves=7
num_cat=0
split_feature=40 39 28 10 15 25
split_gain=172.681 105.083 65.06 107.594 67.0221 65.0189
threshold=1.8451054461727796 -0.76763468692571879 -0.37693859306625038 -0.64492265037162066 -0.68080330222110674 -1.2496938168459446
decision_type=2 2 2 2 2 2
left_child=1 -1 3 -3 -4 -2
right_child=5 2 4 -5 -6 -7
leaf_value=-0.042205001055738149 -0.14991489511069381 0.046204366658631105 0.0058623582545447783 -0.13744491177903767 -0.007754942423319886 0.016879868076177341
leaf_weight=463.55915079120314 14.036294257268308 31.244161810725927 3691.1113330875523 55.797486742958426 6193.1117430890445 3231.7319835377857
leaf_count=7141 120 110 14607 494 26366 7362
internal_value=3.07665e-11 -0.00501292 -0.00327982 -0.0717468 -0.00266969 0.0161126
internal_weight=13680.6 10434.8 9971.26 87.0416 9884.22 3245.77
internal_count=56200 48718 41577 604 40973 7482
is_linear=0
shrinkage=0.08


Tree=14
num_leaves=7
num_cat=0
split_feature=40 39 28 17 40 40
split_gain=152.565 89.8882 69.4532 87.2669 80.312 60.1344
threshold=1.6828279514363038 -0.76763468692571879 -0.36855868305187417 0.075546412170540936 1.6412954144575507 2.9247551087830606
decision_type=2 2 2 2 2 2
left_child=1 -1 3 -3 -4 -2
right_child=5 2 4 -5 -6 -7
leaf_value=-0.040129225091337706 0.0096660240243949258 0.040261639803981356 -0.0017225960258567402 -0.087950061875319105 -0.063226737011960896 0.039369424578612255
leaf_weight=451.04699252313003 3298.6733993294183 45.68706563860178 9011.5265213598032 126.19183322088793 136.96065952023491 501.93217797018588
leaf_count=7111 8382 121 37876 1002 618 1090
internal_value=5.87073e-11 -0.00528988 -0.00359975 -0.0538344 -0.00265018 0.0135982
internal_weight=13572 9771.41 9320.37 171.879 9148.49 3800.61
internal_count=56200 46728 39617 1123 38494 9472
is_linear=0
shrinkage=0.08


Tree=15
num_leaves=7
num_cat=0
split_feature=40 39 0 2 40 18
split_gain=153.981 73.718 72.9816 87.6633 68.8833 58.1026
threshold=1.5599117049501763 -0.76763468692571879 -1.720625884036882 1.0303101354180162 -0.82602058039084914 0.037875246498438021
decision_type=2 2 2 2 2 2
left_child=1 -1 4 -4 -3 -2
right_child=5 2 3 -5 -6 -7
leaf_value=-0.03786969628344105 -0.030866149374398785 -0.11809067339259204 -0.0055739464022940641 0.022393440822498938 -0.022681194003621351 0.014452386430633077
leaf_weight=437.81371230725199 188.4605720769614 62.511252714321017 7646.1424186925869 790.54640086879954 206.964166325517 4121.6364876860753
leaf_count=7065 600 903 32014 3511 1246 10861
internal_value=-1.02932e-10 -0.0058758 -0.00426273 -0.00295096 -0.0451685 0.0124641
internal_weight=13454.1 9143.98 8706.16 8436.69 269.475 4310.1
internal_count=56200 44739 37674 35525 2149 11461
is_linear=0
shrinkage=0.08


Tree=16
num_leaves=7
num_cat=0
split_feature=40 39 28 40 40 0
split_gain=132.464 66.7218 61.6067 64.1377 51.5614 87.9475
threshold=1.5599117049501763 -0.76763468692571879 -0.36855868305187417 1.5163906800780051 2.7231680786226211 1.3807878381626917
decision_type=2 2 2 2 2 2
left_child=1 -1 -3 -4 5 -2
right_child=4 2 3 -5 -6 -7
leaf_value=-0.036265784160357611 0.0095210306458172762 -0.057501655499852672 -0.0021923898104168117 -0.056789766296368248 0.029981621184666157 -0.069144626903681297
leaf_weight=428.75692086963682 3368.160556974588 134.37160217412747 8284.3382879367564 139.03578592441045 795.26321889390238 92.489383445587009
leaf_count=7065 9188 1056 36004 614 1746 527
internal_value=6.0976e-11 -0.00550619 -0.00396102 -0.00310021 0.0116251 0.00739924
internal_weight=13242.4 8986.5 8557.75 8423.37 4255.91 3460.65
internal_count=56200 44739 37674 36618 11461 9715
is_linear=0
shrinkage=0.08


Tree=17
num_leaves=7
num_cat=0
split_feature=40 28 34 2 39 22
split_gain=127.249 81.8237 128.847 88.3899 71.5132 77.7335
threshold=1.1364540487662922 -0.32293202472262666 0.28880642078585345 -0.6649805810757794 -0.42898351045174976 0.7238567411515956
decision_type=2 2 2 2 2 2
left_child=1 2 3 -1 -2 -6
right_child=4 -3 -4 -5 5 -7
leaf_value=0.0061693509991264505 -0.065914897074234077 -0.0056716268397326202 0.10133946191177745 -0.084483186162521373 0.005814419923048984 0.034368048932133681
leaf_weight=95.440481492085382 82.01076291850768 6196.5124859181524 34.443397040478885 244.75743324146606 5805.1322667710483 680.96810117037967
leaf_count=488 937 34079 88 2116 16636 1856
internal_value=-6.60333e-11 -0.00787041 -0.0441261 -0.0591076 0.00787406 0.00881707
internal_weight=13139.3 6571.15 374.641 340.198 6568.11 6486.1
internal_count=56200 36771 2692 2604 19429 18492
is_linear=0
shrinkage=0.08


Tree=18
num_leaves=7
num_cat=0
split_feature=40 39 33 37 18 0
split_gain=106.135 69.6369 66.0456 65.248 61.9935 61.3152
threshold=1.8451054461727796 -0.42898351045174976 -2.5724836052273838 -1.0860443785914402 0.15824969104942282 1.3807878381626917
decision_type=2 2 2 2 2 2
left_child=1 3 -3 -1 -4 -5
right_child=-2 2 4 5 -6 -7
leaf_value=0.054764662055564961 0.012880370004342468 -0.1147115248783741 0.011937410779333898 -0.03919393695540857 -0.0047586814475452455 0.014491025805783674
leaf_weight=61.787239262775984 3112.0222557946108 32.045068840961903 1780.569461517036 757.83805810898775 7076.8553711236455 165.3810298825847
leaf_count=301 7482 340 6698 9408 31202 769
internal_value=-1.20935e-10 -0.00406025 -0.00182269 -0.0242314 -0.00140137 -0.0295718
internal_weight=12986.5 9874.48 8889.47 985.006 8857.42 923.219
internal_count=56200 48718 38240 10478 37900 10177
is_linear=0
shrinkage=0.08


Tree=19
num_leaves=7
num_cat=0
split_feature=39 38 8 26 34 28
split_gain=95.9652 86.6701 66.0076 101.368 64.1732 59.8818
threshold=-0.42898351045174976 0.64506025119707544 -1.5370214362432202 0.47138465438445326 0.15509827336338863 -0.25225734121167503
decision_type=2 2 2 2 2 2
left_child=5 2 3 -2 -4 -1
right_child=1 -3 4 -5 -6 -7
leaf_value=-0.10658315569465568 -0.075443285624312628 0.031932760655176404 -0.004352239427594746 0.0030081823205758045 0.0080043954599578176 -0.019389360027287476
leaf_weight=52.435408839955926 182.02716192766093 586.74350488954224 5540.9911882582819 248.38857689034194 5225.8338035827037 913.55139923031675
leaf_count=1120 1351 1635 23280 1792 17607 9415
internal_value=-8.68876e-12 0.00198794 0.000416102 -0.0302677 0.00164542 -0.0242277
internal_weight=12750 11784 11197.2 430.416 10766.8 965.987
internal_count=56200 45665 44030 3143 40887 10535
is_linear=0
shrinkage=0.08


Tree=20
num_leaves=7
num_cat=0
split_feature=40 39 21 17 26 5
split_gain=88.0741 83.0837 80.2659 91.317 78.6392 66.1738
threshold=0.37827242432204772 -0.42898351045174976 0.073950157270138775 0.071865700150450268 -0.5967978188416071 -0.67523372307733098
decision_type=2 2 2 2 2 2
left_child=2 -2 -1 -4 -5 -3
right_child=1 5 3 4 -6 -7
leaf_value=0.028297998904065688 -0.040248384483370411 0.02222383003249763 -0.091190916909424935 0.010623780654767972 -0.020322014469376835 0.0024788689118689223
leaf_weight=295.52734877506737 263.77357849729015 1259.9245022580726 97.309803187265061 695.14039313135436 2146.5171015827218 7847.0141532113776
leaf_count=1562 3409 4098 965 4296 14888 26982
internal_value=5.1312e-12 0.00392885 -0.01138 -0.0153781 -0.0127508 0.00521268
internal_weight=12605.2 9370.71 3234.49 2938.97 2841.66 9106.94
internal_count=56200 34489 21711 20149 19184 31080
is_linear=0
shrinkage=0.08


Tree=21
num_leaves=7
num_cat=0
split_feature=40 32 17 18 0 39
split_gain=81.37 67.6332 67.0892 67.0289 61.919 81.6244
threshold=1.9910574264340533 0.42048137493806254 0.32288521782037122 0.27390125158115686 0.42107634549480982 -0.011837816777712144
decision_type=2 2 2 2 2 2
left_child=1 4 3 -3 5 -1
right_child=-2 2 -4 -5 -6 -7
leaf_value=-0.010514405693001435 0.013195893807975567 0.084214723634197033 -0.084808897616637804 -0.092454273372183968 -0.012717962238220635 0.0076333458799755297
leaf_weight=2377.4297266289359 2407.9120201147161 36.461342470254749 122.68056750262622 20.73962283867877 2655.5439590808819 4761.0259996908717
leaf_count=16675 5720 155 1662 307 14081 17600
internal_value=7.47082e-11 -0.00318678 -0.05166 0.0196711 -0.00229131 0.00158869
internal_weight=12381.8 9973.88 179.882 57.201 9794 7138.46
internal_count=56200 50480 2124 462 48356 34275
is_linear=0
shrinkage=0.08


Tree=22
num_leaves=7
num_cat=0
split_feature=39 16 27 40 33 33
split_gain=72.7173 84.4498 75.9358 64.908 60.6184 54.7556
threshold=-0.42898351045174976 1.7119966250160807 5.1645117957678099 2.9247551087830606 0.22268427424449208 0.23089051131516777
decision_type=2 2 2 2 2 2
left_child=-1 3 5 4 -2 -3
right_child=1 2 -4 -5 -6 -7
leaf_value=-0.022212082903935667 -0.0020311950211829083 -0.02770347020758783 0.12346428915700054 0.032812817241151246 0.011299463257192251 -0.14921198201067443
leaf_weight=874.78933185432106 7177.9834046110045 549.81289459019899 19.591775048524141 456.64223179919645 3136.1985455718823 23.884674470406026
leaf_count=10535 30832 3839 37 1013 9706 238
internal_value=-1.08651e-10 0.00171165 -0.0276468 0.00333122 0.00202292 -0.0330131
internal_weight=12238.9 11364.1 593.289 10770.8 10314.2 573.698
internal_count=56200 45665 4114 41551 40538 4077
is_linear=0
shrinkage=0.08


Tree=23
num_leaves=7
num_cat=0
split_feature=39 38 29 17 27 0
split_gain=66.5818 59.2822 71.7911 76.6466 64.1478 53.6087
threshold=-0.42898351045174976 0.64506025119707544 -0.82555276665866173 0.68834665099162273 -0.21603353050288518 -1.5706216828402202
decision_type=2 2 2 2 2 2
left_child=-1 2 3 -2 -4 -3
right_child=1 5 4 -5 -6 -7
leaf_value=-0.021356595327457012 -0.053117669777193129 -0.04251698687070004 -0.063580396354417229 0.0033991736726703293 0.0025408040064978884 0.035393291601526135
leaf_weight=866.55051565304166 321.65286571253091 62.744270131923258 93.793931920314208 292.8478214306524 10001.800146473804 507.28131874324754
leaf_count=10535 2231 305 471 2085 39243 1330
internal_value=-2.68081e-11 0.00164238 0.000303273 -0.0262221 0.00192026 0.0267581
internal_weight=12146.7 11280.1 10710.1 614.501 10095.6 570.026
internal_count=56200 45665 44030 4316 39714 1635
is_linear=0
shrinkage=0.08


Tree=24
num_leaves=7
num_cat=0
split_feature=40 29 37 24 8 5
split_gain=64.9 56.0539 56.9859 111.733 46.647 55.9107
threshold=1.900330467289485 -1.2486184807700746 0.32797913205079038 -0.19702286626714186 -1.4803489825630536 -0.84289368185191649
decision_type=2 2 2 2 2 2
left_child=1 -1 -3 -4 -2 -6
right_child=4 2 3 -5 5 -7
leaf_value=-0.078110644485489239 -0.071958626083836838 -0.0017099826022449617 0.00029011858691212889 -0.11893115930184291 0.040177937223595937 0.007379860706614557
leaf_weight=62.486913359025493 42.003095810767263 9053.5655227745883 137.96829637081828 78.180535066174343 386.69844755204394 2348.1484301597811
leaf_count=1186 288 46322 980 892 862 5670
internal_value=-3.2057e-11 -0.00319492 -0.00268155 -0.0431811 0.0107345 0.0120304
internal_weight=12109.1 9332.2 9269.71 216.149 2776.85 2734.85
internal_count=56200 49380 48194 1872 6820 6532
is_linear=0
shrinkage=0.08


Tree=25
num_leaves=7
num_cat=0
split_feature=0 40 0 37 1 11
split_gain=63.08 74.827 65.4966 78.0752 63.9101 61.5657
threshold=-1.442368844180874 2.6567291899452985 0.42107634549480982 0.33216610067820285 0.4233837225035913 0.11845280853423996
decision_type=2 2 2 2 2 2
left_child=5 2 4 -4 -2 -1
right_child=1 -3 3 -5 -6 -7
leaf_value=-0.016954005090826136 0.0010153160043254031 0.026655108150458875 -0.0087949559931497483 -0.12063175205891243 0.023147108452886079 -0.14062114442107426
leaf_weight=842.81380795070436 6649.4707033613231 713.83340665046126 2838.747698896681 39.529541785828769 954.00421799340984 25.605146893067285
leaf_count=5936 28958 1602 14741 495 4194 274
internal_value=1.51976e-10 0.00161185 -9.6033e-05 -0.0103723 0.00379486 -0.0207579
internal_weight=12064 11195.6 10481.8 2878.28 7603.47 868.419
internal_count=56200 49990 48388 15236 33152 6210
is_linear=0
shrinkage=0.08


Tree=26
num_leaves=7
num_cat=0
split_feature=39 8 0 28 34 18
split_gain=58.5122 50.8315 62.899 73.2543 67.2452 57.0285
threshold=-0.42898351045174976 -1.5188984779330186 0.10617585790474002 -0.32293202472262666 0.17134153019310375 0.37173597907793776
decision_type=2 2 2 2 2 2
left_child=-1 5 3 -3 -4 -2
right_child=1 2 4 -5 -6 -7
leaf_value=-0.02030469873919015 -0.083964180478567685 -0.024517888166438961 -0.015668804464108305 0.0094764732347220621 0.0055023281635425301 -0.011187864759895945
leaf_weight=843.16942270699656 82.894749254686758 432.37843752303161 1996.6661172948079 6361.3710981135955 1848.0655799945816 388.32180202030577
leaf_count=10535 831 2264 9998 22514 7306 2752
internal_value=1.54483e-10 0.00154271 0.0026825 0.00730966 -0.00549359 -0.0241411
internal_weight=11952.9 11109.7 10638.5 6793.75 3844.73 471.217
internal_count=56200 45665 42082 24778 17304 3583
is_linear=0
shrinkage=0.08


Tree=27
num_leaves=7
num_cat=0
split_feature=10 38 13 33 39 28
split_gain=56.8896 60.3087 55.5086 49.475 70.1465 64.1571
threshold=-1.3383252722474475 0.64506025119707544 0.7328655722289027 0.22268427424449208 -0.14198093423083394 -0.36855868305187417
decision_type=2 2 2 2 2 2
left_child=2 3 -1 5 -5 -2
right_child=1 -3 -4 4 -6 -7
leaf_value=-0.14515657336788734 -0.081206448263235767 0.025923854968863555 0.030508747438835471 -0.020484675679084959 0.011925397785009678 -0.0037225444841694948
leaf_weight=32.265210855286568 68.000308710383251 561.58177566831 17.145430989563465 500.37092001317069 2897.7487693345174 7790.5144158859039
leaf_count=375 701 1821 87 5222 8595 39399
internal_value=9.78861e-11 0.000361705 -0.0848049 -0.000915753 0.00714841 -0.00440327
internal_weight=11867.6 11818.2 49.4106 11256.6 3398.12 7858.51
internal_count=56200 55738 462 53917 13817 40100
is_linear=0
shrinkage=0.08


Tree=28
num_leaves=7
num_cat=0
split_feature=38 5 11 34 5 26
split_gain=53.6113 80.3444 71.7634 67.6599 53.1049 60.1734
threshold=-0.65486155556191405 -0.013074809219984072 -0.062094855389474346 0.17921554872255027 -0.79139205811173785 -1.5026749892543931
decision_type=2 2 2 2 2 2
left_child=1 -1 -3 -4 5 -2
right_child=4 2 3 -5 -6 -7
leaf_value=-0.050258357716342301 -0.14462022236947031 -0.048917852739564782 -0.047319663081618044 0.12888447481980878 -0.00051284792359582295 0.02322386138056241
leaf_weight=296.18101055000443 12.916800161823629 44.929548683576286 18.715531777124852 49.146751845953986 10553.17534057115 820.47140692535322
leaf_count=4415 149 604 241 167 47324 3300
internal_value=1.23813e-10 -0.0284224 0.0288547 0.0803082 0.00102326 0.0204522
internal_weight=11795.5 408.973 112.792 67.8623 11386.6 833.388
internal_count=56200 5427 1012 408 50773 3449
is_linear=0
shrinkage=0.08


Tree=29
num_leaves=7
num_cat=0
split_feature=39 34 34 20 9 34
split_gain=50.8216 54.2291 49.6526 55.5467 55.1086 63.2755
threshold=-0.76763468692571879 0.22297403418765402 0.3113856376601461 1.1247345957949328 -1.3893711420047772 0.30182097625492266
decision_type=2 2 2 2 2 2
left_child=1 -1 4 -4 -2 -6
right_child=2 -3 3 -5 5 -7
leaf_value=-0.016547250653516518 -0.067654810980220081 -0.10383729678861635 0.018221578176361213 -0.14473807278376866 0.00022561390720801815 -0.069599732902586336
leaf_weight=307.55458600568818 77.459892366314307 52.595373371499591 1178.6878328126622 12.550831370055674 10076.516586377285 82.749774151714519
leaf_count=5481 708 1694 3755 95 43972 495
internal_value=7.45434e-11 -0.0295471 0.000933674 0.0163847 -0.000865771 -0.000349925
internal_weight=11788.1 360.15 11428 1191.24 10236.7 10159.3
internal_count=56200 7175 49025 3850 45175 44467
is_linear=0
shrinkage=0.08


Tree=30
num_leaves=7
num_cat=0
split_feature=40 32 24 32 19 21
split_gain=45.7301 48.163 81.8292 86.3483 62.3923 47.7314
threshold=1.9322864414455909 0.064898195601344411 0.45955758052782109 0.42048137493806254 0.066517560392947386 0.073950157270138775
decision_type=2 2 2 2 2 2
left_child=5 -2 4 -4 -3 -1
right_child=1 2 3 -5 -6 -7
leaf_value=0.015315507218173031 0.03149577225182626 0.029831618847580989 -0.13308196078259987 -0.0061848977634379569 -0.0015256602621787452 -0.0044564736286403584
leaf_weight=860.95595160021912 509.34603600203991 595.90713434992358 53.754289034288377 92.230376998428255 1270.1459740281571 8364.1286342010717
leaf_count=4127 1225 1236 254 354 3311 45693
internal_value=5.81167e-11 0.00954561 0.00397605 -0.0534983 0.00849862 -0.00260974
internal_weight=11746.5 2521.38 2012.04 145.985 1866.05 9225.08
internal_count=56200 6380 5155 608 4547 49820
is_linear=0
shrinkage=0.08


Tree=31
num_leaves=7
num_cat=0
split_feature=17 24 17 36 25 14
split_gain=46.7838 66.8365 65.6567 66.5361 59.3557 65.3927
threshold=0.88621364862639285 2.2313405528493653 0.89263785463948686 0.17382196123701102 0.6298456347909398 -0.72385674115159537
decision_type=2 2 2 2 2 2
left_child=4 2 -2 -4 -1 -6
right_child=1 -3 3 -5 5 -7
leaf_value=0.00035608899222709748 -0.1452851071321514 -0.1122533085888069 0.025259066354755354 -0.013550635629486101 -0.13260080293711268 0.024879668428084686
leaf_weight=8633.7872069801087 21.294505343772471 39.690408925060183 336.58621372235939 1739.8772137605702 16.222696414217353 886.4139263672987
leaf_count=38678 210 463 1634 11143 193 3879
internal_value=5.94753e-11 -0.0106945 -0.00872037 -0.00725061 0.00239788 0.0219057
internal_weight=11673.9 2137.45 2097.76 2076.46 9536.42 902.637
internal_count=56200 13450 12987 12777 42750 4072
is_linear=0
shrinkage=0.08


Tree=32
num_leaves=7
num_cat=0
split_feature=39 28 11 17 0 2
split_gain=46.4032 44.0348 68.473 83.0114 64.8266 48.211
threshold=-0.76763468692571879 -0.32293202472262666 0.12795531716180389 0.044325509884245169 0.80923626188540954 -0.95753019561326691
decision_type=2 2 2 2 2 2
left_child=-1 2 3 -2 -4 -3
right_child=1 5 4 -5 -6 -7
leaf_value=-0.028885617040293462 0.052692485629637978 0.03208296079464313 0.056606211469454451 -0.040527321014130993 -0.12954467733291769 0.0012051005574524594
leaf_weight=344.34393733006436 68.383997078984976 333.20203353464603 107.88806686829776 520.56200518109836 12.499979015439747 10222.12017707841
leaf_count=7175 166 1427 363 3341 148 43580
internal_value=7.00373e-11 0.000885476 -0.018395 -0.0296324 0.0363701 0.00218278
internal_weight=11609 11264.7 709.334 588.946 120.388 10555.3
internal_count=56200 49025 4018 3507 511 45007
is_linear=0
shrinkage=0.08


Tree=33
num_leaves=7
num_cat=0
split_feature=40 16 29 21 35 31
split_gain=44.6634 45.0536 52.5815 47.2185 54.2449 40.6646
threshold=1.9322864414455909 1.3957382719416096 -0.59910391825518039 0.77474257901781385 0.21982733159999321 1.8021592361997805
decision_type=2 2 2 2 2 2
left_child=5 3 -3 4 -2 -1
right_child=1 2 -4 -5 -6 -7
leaf_value=-0.0021554114756816055 0.090918277846138443 -0.0053233392981979419 -0.14245412861300799 0.038096429325478229 0.0047360672656983176 -0.070076638623203374
leaf_weight=9058.7316286755376 46.890021858736873 57.398666050285101 25.056754403980449 363.631352763623 1959.0968922255561 55.768755073833745
leaf_count=47707 98 229 279 950 4824 2113
internal_value=3.3905e-11 0.00958211 -0.0482026 0.0116123 0.00679488 -0.00257864
internal_weight=11566.6 2452.07 82.4554 2369.62 2005.99 9114.5
internal_count=56200 6380 508 5872 4922 49820
is_linear=0
shrinkage=0.08


Tree=34
num_leaves=7
num_cat=0
split_feature=40 25 33 26 38 0
split_gain=46.0271 43.0107 41.5226 49.9863 37.6456 36.3246
threshold=1.9322864414455909 -1.2496938168459446 0.093638778733465447 0.85655909600194879 1.0000000180025095e-35 2.0951461408408609
decision_type=2 2 2 2 2 2
left_child=5 -2 4 -4 -3 -1
right_child=1 2 3 -5 -6 -7
leaf_value=-0.0022901097115406365 -0.14319410702628102 -0.13463969894454547 0.0010958460780889374 0.044558370564370557 0.034522492302466234 -0.082537901746047235
leaf_weight=9073.487168050895 10.71090256096795 7.6080911681056014 1752.536327441223 186.47951434692368 472.13398414384574 35.245855956804007
leaf_count=49456 112 58 4476 505 1229 364
internal_value=6.75812e-11 0.00978133 0.0105176 0.00529655 0.0315653 -0.00260965
internal_weight=11538.2 2429.47 2418.76 1939.02 479.742 9108.73
internal_count=56200 6380 6268 4981 1287 49820
is_linear=0
shrinkage=0.08


Tree=35
num_leaves=7
num_cat=0
split_feature=40 21 37 0 17 25
split_gain=45.8472 37.3025 73.2076 49.7102 46.6594 46.4275
threshold=1.9322864414455909 0.096677926908574227 0.26188986886699989 -1.141386692952348 0.031316299958516175 -0.84288312091025042
decision_type=2 2 2 2 2 2
left_child=-1 2 3 -2 -3 -4
right_child=1 4 5 -5 -6 -7
leaf_value=-0.0025979603215058734 0.0072114504926515891 -0.058289975623238413 -0.14487799002248045 -0.13396422498237437 0.015203221532453806 0.017611493576541803
leaf_weight=9101.026054429065 23.692339556757361 55.82003747113049 11.014405239373444 47.313616713043302 2094.1581218361389 177.31765707116574
leaf_count=49820 73 174 55 182 5507 389
internal_value=6.01903e-11 0.00981062 -0.0188002 -0.0874126 0.0132689 0.00739345
internal_weight=11510.3 2409.32 259.338 71.006 2149.98 188.332
internal_count=56200 6380 699 255 5681 444
is_linear=0
shrinkage=0.08


Tree=36
num_leaves=7
num_cat=0
split_feature=40 15 32 1 8 11
split_gain=48.7834 35.5661 34.4146 66.5199 57.98 54.0915
threshold=1.9322864414455909 1.3724570517937145 0.11873535413341581 -0.79205446535466673 -1.2018923136114479 0.12795531716180389
decision_type=2 2 2 2 2 2
left_child=1 -1 -2 4 -4 -5
right_child=2 -3 3 5 -6 -7
leaf_value=-0.0022723886943112688 0.024079658888701349 -0.06770420777359569 -0.043125191514514605 -0.00070370965976664394 0.04574769770806103 -0.063568834801832633
leaf_weight=9048.9419935368351 773.01654047938064 52.482331034494564 54.176945650717244 1115.3801883866545 321.55626857187599 94.065017738379538
leaf_count=47707 1921 2113 296 3067 710 386
internal_value=-5.61892e-12 -0.00265709 0.0102518 0.00349766 0.0328527 -0.00564154
internal_weight=11459.6 9101.42 2358.19 1585.18 375.733 1209.45
internal_count=56200 49820 6380 4459 1006 3453
is_linear=0
shrinkage=0.08


Tree=37
num_leaves=7
num_cat=0
split_feature=40 8 18 26 11 17
split_gain=48.4133 39.6384 36.1996 58.1228 37.9607 35.6705
threshold=1.8451054461727796 -1.4803489825630536 0.32362038331481968 -0.39827877188992072 -0.1618711959788954 0.056250793266553641
decision_type=2 2 2 2 2 2
left_child=5 -2 3 -3 -4 -1
right_child=1 2 4 -5 -6 -7
leaf_value=0.017130606445680461 -0.068569302703948301 -0.15191136897113414 -0.14426797593963309 0.0021970115033056294 0.020100258736352045 -0.0041603151610060075
leaf_weight=535.45760267134756 39.985669366782531 14.884191833436487 8.0622934475541097 1123.6600451522972 1447.507758108899 8230.4363238862716
leaf_count=2483 310 72 36 3272 3792 46235
internal_value=-2.82129e-11 0.00950838 0.0107378 5.08113e-05 0.0190914 -0.00285797
internal_weight=11400 2634.1 2594.11 1138.54 1455.57 8765.89
internal_count=56200 7482 7172 3344 3828 48718
is_linear=0
shrinkage=0.08


Tree=38
num_leaves=7
num_cat=0
split_feature=33 33 34 21 16 11
split_gain=44.2214 62.1865 76.0252 61.2798 59.1479 72.1754
threshold=0.26054447064048147 0.24872782114816874 0.17802043692622527 0.45086074991251474 0.99377636280282156 0.028178976572382764
decision_type=2 2 2 2 2 2
left_child=1 -1 -3 -4 5 -2
right_child=4 2 3 -5 -6 -7
leaf_value=-0.0016520403555324214 0.023572438420285575 -0.12429220517514156 -0.090600055231869731 0.044468762860912003 -0.021058303593263702 -0.013348641982311385
leaf_weight=8913.4207804633188 1510.1953259695438 58.069323978153989 33.773734905291349 55.325995229650289 334.89533698919695 436.09156571485801
leaf_count=45755 5452 476 229 194 2183 1911
internal_value=-3.81646e-11 -0.00250669 -0.0539088 -0.00716711 0.00995302 0.0152972
internal_weight=11341.8 9060.59 147.169 89.0997 2281.18 1946.29
internal_count=56200 46654 899 423 9546 7363
is_linear=0
shrinkage=0.08


Tree=39
num_leaves=7
num_cat=0
split_feature=40 11 5 8 5 25
split_gain=50.8706 37.5699 85.5406 62.6003 54.4103 79.8776
threshold=1.8451054461727796 -0.11910990715485779 -0.84289368185191649 0.39100698029370923 -0.9007951331751245 -0.48666745909883086
decision_type=2 2 2 2 2 2
left_child=1 2 -1 -4 5 -3
right_child=-2 4 3 -5 -6 -7
leaf_value=0.061579153969908415 0.0098933446432889136 -0.011805178394914293 -0.011756793628717453 -0.057636184752693997 0.00039870614643264929 -0.11534984125256224
leaf_weight=82.310409883502871 2567.6028435174376 198.6508666749578 803.1548762813909 248.77435824577697 7311.910512442817 61.85853983880952
leaf_count=609 7482 1935 5426 1852 37878 1018
internal_value=-5.00292e-11 -0.00291836 -0.01649 -0.0226514 -0.000883608 -0.0367392
internal_weight=11274.3 8706.66 1134.24 1051.93 7572.42 260.509
internal_count=56200 48718 7887 7278 40831 2953
is_linear=0
shrinkage=0.08


Tree=40
num_leaves=7
num_cat=0
split_feature=40 2 26 9 33 38
split_gain=46.6244 32.5848 89.8791 124.492 70.655 53.435
threshold=1.900330467289485 -0.086559084528631328 -0.0088852829120975758 -0.62512725694327786 0.25764695307453878 -0.35584692516530675
decision_type=2 2 2 2 2 2
left_child=1 2 4 -4 -1 -3
right_child=-2 5 3 -5 -6 -7
leaf_value=-0.0087513486715369831 0.0099564806907564748 -0.027787892577776165 0.00064298455082709247 -0.13297281770355715 0.018817853565823484 0.0058360230894971563
leaf_weight=4183.5970844068797 2373.3837191204075 330.25987332710065 94.343900472158566 83.671481922036037 692.58828036196064 3482.7479583182139
leaf_count=23105 6820 3521 518 894 3444 17898
internal_value=-8.15496e-11 -0.00266576 -0.00687742 -0.0625516 -0.00483251 0.0029172
internal_weight=11240.6 8867.21 5054.2 178.015 4876.19 3813.01
internal_count=56200 49380 27961 1412 26549 21419
is_linear=0
shrinkage=0.08


Tree=41
num_leaves=7
num_cat=0
split_feature=33 33 10 29 9 10
split_gain=38.1822 57.6509 121.851 86.2988 79.2936 54.9193
threshold=0.22268427424449208 0.14641425116693343 -0.013968989875238718 0.031227748367153394 -0.38819560666946079 -0.46068852534272597
decision_type=2 2 2 2 2 2
left_child=1 5 4 -4 -3 -1
right_child=-2 2 3 -5 -6 -7
leaf_value=0.012233669076204295 0.0074171170459035856 -0.077328440382639543 -0.015819356652985447 0.036591215305809166 -0.022351958713140583 -0.0042064228171894546
leaf_weight=1860.1892578881234 3178.0542753689224 211.8226378292311 447.59519546211231 363.4734315390233 803.14358651230577 4315.5425112693338
leaf_count=9180 14196 1382 2323 1514 4273 23332
internal_value=-2.46532e-11 -0.00294641 -0.0154301 0.00768413 -0.0338903 0.000746668
internal_weight=11179.8 8001.77 1826.03 811.069 1014.97 6175.73
internal_count=56200 42004 9492 3837 5655 32512
is_linear=0
shrinkage=0.08


Tree=42
num_leaves=7
num_cat=0
split_feature=40 16 21 11 18 16
split_gain=43.7064 36.1287 98.0033 38.453 41.1709 37.1154
threshold=1.8451054461727796 1.2200727986877118 0.51027968465578111 0.50805566226436039 0.037875246498438021 1.303143012273958
decision_type=2 2 2 2 2 2
left_child=-1 3 -3 4 -2 -4
right_child=1 2 5 -5 -6 -7
leaf_value=-0.002709920432897377 -0.042484518664482877 -0.12388627527839392 -0.15673174387360647 0.097489591307726761 0.012799647562429444 0.020270615840302618
leaf_weight=8633.4680935103097 88.719524081796408 46.510405602864921 7.0643141609616569 32.131878536660224 2229.0473907128908 126.59352791670244
leaf_count=48718 350 418 53 55 6124 482
internal_value=-1.6425e-11 0.00924461 -0.0251889 0.0118942 0.0106661 0.00982093
internal_weight=11163.5 2530.07 180.168 2349.9 2317.77 133.658
internal_count=56200 7482 953 6529 6474 535
is_linear=0
shrinkage=0.08


Tree=43
num_leaves=7
num_cat=0
split_feature=40 25 29 40 33 28
split_gain=45.2202 33.3056 32.9729 31.7665 47.3839 31.4747
threshold=1.8451054461727796 -1.2496938168459446 -1.2486184807700746 1.8034385156024719 -0.05000010722708572 5.0425733535101589
decision_type=2 2 2 2 2 2
left_child=2 -2 -1 5 -5 -4
right_child=1 -3 3 4 -6 -7
leaf_value=-0.06567270906658948 -0.1352447006555883 0.010074063679776497 -0.0016009344469734889 0.063893617354295468 -0.082254237521127052 -0.090456678794122128
leaf_weight=51.957536340691149 9.1392291400115919 2484.5459656154271 8476.9303655277472 17.250888658687472 65.489430767949671 24.590979731408879
leaf_count=1186 120 7362 46805 54 388 285
internal_value=-1.32944e-10 0.00948748 -0.00274027 -0.00235175 -0.0513841 -0.00186856
internal_weight=11129.9 2493.69 8636.22 8584.26 82.7403 8501.52
internal_count=56200 7482 48718 47532 442 47090
is_linear=0
shrinkage=0.08


Tree=44
num_leaves=7
num_cat=0
split_feature=40 24 40 37 32 0
split_gain=42.7193 40.3026 64.0025 51.3491 48.8503 39.8303
threshold=1.7516851974000882 -1.0284688562833297 2.1175936552030477 0.17664168496846128 -0.1227324019918556 1.4438100557251186
decision_type=2 2 2 2 2 2
left_child=-1 2 4 -4 -2 -3
right_child=1 5 3 -5 -6 -7
leaf_value=-0.0028368904405272582 0.085126971822299349 0.014014873413402575 0.034505746472054268 -0.035395402894036296 -0.099784217124668756 -0.053520779952141419
leaf_weight=8372.7337848716415 9.652277756482361 2330.0375553146005 145.68931864388287 123.21259499760345 73.351338344393298 56.297494656173512
leaf_count=47612 22 6763 457 499 470 377
internal_value=-1.3607e-12 0.00867224 -0.0165688 0.00246412 -0.077524 0.0123998
internal_weight=11111 2738.24 351.906 268.902 83.0036 2386.34
internal_count=56200 8588 1448 956 492 7140
is_linear=0
shrinkage=0.08


Tree=45
num_leaves=7
num_cat=0
split_feature=40 28 40 12 23 28
split_gain=42.7018 31.988 56.1053 35.1051 83.7207 54.3347
threshold=1.7516851974000882 2.98022575502026 -5.7419912266197342 1.1913097349892789 0.92396715930666962 1.3862549744516321
decision_type=2 2 2 2 2 2
left_child=1 3 -3 5 -5 -1
right_child=-2 2 -4 4 -6 -7
leaf_value=-0.003567596099706344 0.0087002898524351467 -0.081090025618701822 0.06329210830287145 0.0040924085432469609 -0.12039452622598396 0.047690245224419829
leaf_weight=7976.1006548533915 2723.3119721368421 19.958880343474448 97.932587656890973 93.225294531323016 53.899155959719792 133.58985770423897
leaf_count=45566 8588 305 380 484 439 438
internal_value=3.41012e-11 -0.00282989 0.0383719 -0.00342275 -0.0420184 -0.00271746
internal_weight=11098 8374.71 117.891 8256.81 147.124 8109.69
internal_count=56200 47612 685 46927 923 46004
is_linear=0
shrinkage=0.08


Tree=46
num_leaves=7
num_cat=0
split_feature=39 17 28 1 17 36
split_gain=40.1701 43.8824 41.022 59.396 70.9412 49.517
threshold=-0.42898351045174976 0.084867760836545361 -0.32293202472262666 -1.180392328267142 0.084867760836545361 1.0000000180025095e-35
decision_type=2 2 2 2 2 2
left_child=1 -1 3 -2 -5 -4
right_child=2 -3 5 4 -6 -7
leaf_value=-0.11822909901235244 0.078895347082171594 -0.014038794631945102 0.022777093401010608 0.03035037833711476 -0.0367013531949777 0.001012027908776191
leaf_weight=25.845070354058407 37.444437460741028 734.74985808233032 722.28679648274556 124.89866787847131 512.48461965296883 8911.7576356724021
leaf_count=773 125 9762 2815 398 3495 38832
internal_value=-1.76414e-11 -0.0177298 0.00130971 -0.0177433 -0.0235352 0.002646
internal_weight=11069.5 760.595 10308.9 674.828 637.383 9634.04
internal_count=56200 10535 45665 4018 3893 41647
is_linear=0
shrinkage=0.08


Tree=47
num_leaves=7
num_cat=0
split_feature=40 40 16 11 16 21
split_gain=37.3567 53.9091 41.7382 45.2199 43.2858 40.1367
threshold=1.033758800160874 1.0241252973775579 1.4689082546227199 0.50805566226436039 1.5483924793792911 0.099746380640558172
decision_type=2 2 2 2 2 2
left_child=1 -1 3 -2 -4 -6
right_child=2 -3 4 -5 5 -7
leaf_value=-0.0043996998614472841 0.0049744870395316216 -0.11062515463025603 -0.10267236957896929 0.072057047922161624 -0.13602831164513091 -0.0036895127107906996
leaf_weight=5043.9137422491331 5630.1677159369574 29.76502984855324 39.653422817238607 64.062143732560799 14.768761478364466 210.92031169461552
leaf_count=34332 19760 221 357 163 163 1204
internal_value=3.76804e-11 -0.00504455 0.0042948 0.00574171 -0.0266606 -0.0129114
internal_weight=11033.3 5073.68 5959.57 5694.23 265.342 225.689
internal_count=56200 34553 21647 19923 1724 1367
is_linear=0
shrinkage=0.08


Tree=48
num_leaves=7
num_cat=0
split_feature=39 33 25 34 26 28
split_gain=36.7108 36.5697 61.5018 65.3857 57.1523 46.2665
threshold=-0.76763468692571879 0.22268427424449208 -0.39014453926296094 0.14567456692856712 -0.61153158569484278 -0.36855868305187417
decision_type=2 2 2 2 2 2
left_child=-1 5 4 -4 -3 -2
right_child=1 2 3 -5 -6 -7
leaf_value=-0.026631947964113861 -0.072367788119549012 -0.03083936234843411 -0.022721725414871 0.01043616318359732 0.025970371541455206 -0.0015633799123454058
leaf_weight=320.56208294292446 58.526149327168241 123.85967783513479 616.09264695434831 992.2715074471198 1242.915855927451 7628.1732704808237
leaf_count=7175 724 591 2759 3412 4454 37085
internal_value=1.17801e-10 0.000803147 0.00833257 -0.00227137 0.0208034 -0.00211182
internal_weight=10982.4 10661.8 2975.14 1608.36 1366.78 7686.7
internal_count=56200 49025 11216 6171 5045 37809
is_linear=0
shrinkage=0.08


Tree=49
num_leaves=7
num_cat=0
split_feature=40 9 13 37 29 17
split_gain=36.1108 30.691 81.015 54.3365 37.8018 38.7266
threshold=1.9910574264340533 -1.0906476345407852 0.094593937977285381 0.18710126356990012 -1.1045476468166504 0.99282074578142387
decision_type=2 2 2 2 2 2
left_child=1 2 3 -1 5 -3
right_child=-2 4 -4 -5 -6 -7
leaf_value=-0.040654476143307736 0.0099357715345536821 -0.076116960011689841 -0.082867830050477181 0.035360118797398532 -0.00056081642531810116 0.021207573592752379
leaf_weight=110.22328604583163 1927.6288165458245 82.18698437360581 107.24461963912472 130.14900362037588 8550.197046407091 37.639679022715427
leaf_count=1004 5720 1764 1218 711 45397 386
internal_value=1.68759e-11 -0.00212476 -0.0253983 0.000479425 -0.0011888 -0.0456231
internal_weight=10945.3 9017.64 347.617 240.372 8670.02 119.827
internal_count=56200 50480 2933 1715 47547 2150
is_linear=0
shrinkage=0.08


Tree=50
num_leaves=7
num_cat=0
split_feature=40 5 5 18 13 40
split_gain=32.678 54.2017 77.2113 69.5462 47.3636 69.7409
threshold=0.96590998073932888 0.62662224884328599 0.44822499323825277 0.27695822624225569 0.66342137592194461 1.7516851974000882
decision_type=2 2 2 2 2 2
left_child=-1 2 -2 -4 5 -3
right_child=1 4 3 -5 -6 -7
leaf_value=-0.0050058233085057378 0.0031488496926185628 0.1139158059907774 -0.15517016943476294 -0.023497760569970425 0.019013973504874482 -0.14689129359363118
leaf_weight=4727.5235839271336 5596.7246566912509 66.242349786218256 34.165877480525523 96.862262736540288 379.19461153214797 6.4135008677840224
leaf_count=33003 20872 119 219 412 1518 57
internal_value=-1.08341e-10 0.00382975 0.00172292 -0.0587469 0.0304736 0.089212
internal_weight=10907.1 6179.6 5727.75 131.028 451.85 72.6559
internal_count=56200 23197 21503 631 1694 176
is_linear=0
shrinkage=0.08


Tree=51
num_leaves=7
num_cat=0
split_feature=39 34 25 5 16 28
split_gain=32.5236 38.2866 38.7532 39.5828 36.3978 40.614
threshold=-0.42898351045174976 -0.58293443987563365 -0.32957916539551574 -0.53209199192955281 1.7023855719787007 -0.32293202472262666
decision_type=2 2 2 2 2 2
left_child=1 -1 -3 -4 5 -2
right_child=4 2 3 -5 -6 -7
leaf_value=0.032461773594583944 -0.017805055017851453 -0.050729426586195628 -0.056042867460732733 0.0030172773175172109 -0.0187922881531161 0.003683408364522564
leaf_weight=90.255594333168119 599.57130214571953 213.89560102147516 90.663810482947156 349.27244863059605 550.84064888185821 8980.6265964931226
leaf_count=823 3672 4164 1826 3722 4306 37687
internal_value=-8.03196e-11 -0.0161316 -0.0228788 -0.00925357 0.00118628 0.00233685
internal_weight=10875.1 744.087 653.832 439.936 10131 9580.2
internal_count=56200 10535 9712 5548 45665 41359
is_linear=0
shrinkage=0.08


Tree=52
num_leaves=7
num_cat=0
split_feature=10 21 2 25 10 40
split_gain=34.0839 102.482 67.1913 61.7318 55.1392 43.0063
threshold=-1.1380065628344107 0.74217814023253303 -0.95753019561326691 1.8829999412344234 -1.0476074506359594 0.60345447315334444
decision_type=2 2 2 2 2 2
left_child=1 -1 3 -2 -4 -3
right_child=2 5 4 -5 -6 -7
leaf_value=-0.14574037906828408 0.053731237055791213 -0.07202972236116166 -0.14065164573075239 -0.14040980505229173 -0.00017182712852171353 0.041564965200244233
leaf_weight=39.885926192277111 209.4135193885304 30.319592956686392 16.912515945266932 10.089013113989493 10447.45107867429 65.898890137672424
leaf_count=398 698 526 164 105 54083 226
internal_value=-1.47789e-10 -0.0396342 0.000508572 0.0442116 -0.000412289 0.00539721
internal_weight=10820 136.104 10683.9 219.503 10464.4 96.2185
internal_count=56200 1150 55050 803 54247 752
is_linear=0
shrinkage=0.08


Tree=53
num_leaves=7
num_cat=0
split_feature=34 16 16 33 21 21
split_gain=31.0561 43.2814 44.5274 55.8077 43.6017 41.4066
threshold=0.3113856376601461 0.055896117854414028 0.87708469417325152 0.099084161147237323 0.24566486668605167 0.2213729072370311
decision_type=2 2 2 2 2 2
left_child=-1 4 -3 -4 5 -2
right_child=1 2 3 -5 -6 -7
leaf_value=-0.0014280896444812045 -0.13283916116790284 0.026021261284119961 -0.049482178736665869 0.020968096123434969 -0.15453315783912758 0.1255677423805007
leaf_weight=9714.4375767745078 5.5199070862727231 752.95098937733565 130.31180466571823 158.33775649522431 18.433806184388231 9.2065213203895819
leaf_count=51653 39 2712 942 729 113 12
internal_value=-1.37753e-10 0.0128974 0.0157895 -0.0108979 -0.0757506 0.0264212
internal_weight=10789.2 1074.76 1041.6 288.65 33.1602 14.7264
internal_count=56200 4547 4383 1671 164 51
is_linear=0
shrinkage=0.08


Tree=54
num_leaves=7
num_cat=0
split_feature=34 28 40 34 21 2
split_gain=30.9776 44.7757 54.8805 47.9506 94.7553 47.2838
threshold=0.3113856376601461 -0.32293202472262666 1.2163118702640998 0.2871181995224617 0.72123818099334802 -0.6649805810757794
decision_type=2 2 2 2 2 2
left_child=1 2 5 -3 -5 -1
right_child=-2 3 -4 4 -6 -7
leaf_value=0.0058051440724151016 0.012961024411423232 0.0012344611707441023 0.0014650300722763351 -0.013137634871162221 -0.13535627020587646 -0.066661622674379695
leaf_weight=78.481841479893774 1062.6968118844088 8704.9517186001176 297.39443352166563 372.6031016780762 44.606988384039141 214.279316351749
leaf_count=503 4547 45145 1126 2157 463 2259
internal_value=-1.3736e-10 -0.00141935 -0.022756 -3.66423e-05 -0.0264973 -0.0472815
internal_weight=10775 9712.32 590.156 9122.16 417.21 292.761
internal_count=56200 51653 3888 47765 2620 2762
is_linear=0
shrinkage=0.08


Tree=55
num_leaves=7
num_cat=0
split_feature=0 1 9 21 18 38
split_gain=31.3631 61.1202 48.2902 89.7995 73.187 72.6133
threshold=0.40621448603439386 -0.94026862530821742 0.74698735784389314 1.1944858668670897 0.043799268066885937 -0.20928174303786107
decision_type=2 2 2 2 2 2
left_child=2 -2 -1 5 -5 -4
right_child=1 -3 3 4 -6 -7
leaf_value=0.00093539620420159955 0.11248888251974709 -0.0085542796216039416 -0.057315437513414523 0.093364506152049137 -0.15059673635789828 0.047474815292203668
leaf_weight=7494.8703150106594 25.966462888754904 2722.3756238127244 46.334213280235417 9.8743621471803618 29.229796373285353 409.77968636911828
leaf_count=37935 68 15639 509 29 312 1708
internal_value=-1.22481e-10 -0.00737016 0.00253571 0.026705 -0.0882011 0.0367276
internal_weight=10738.4 2748.34 7990.09 495.218 39.1042 456.114
internal_count=56200 15707 40493 2558 341 2217
is_linear=0
shrinkage=0.08


Tree=56
num_leaves=7
num_cat=0
split_feature=16 33 4 14 1 23
split_gain=29.5274 43.8399 43.5501 59.3456 47.4599 82.6984
threshold=0.72231505349233238 0.39698988482198333 0.81810369891142598 -0.4154073568146715 0.81235379428513432 0.551152910187786
decision_type=2 2 2 2 2 2
left_child=2 -2 4 -4 -1 -6
right_child=1 -3 3 -5 5 -7
leaf_value=2.8648710650255148e-05 -0.0040740203612503537 -0.090540517238721321 -0.13305018640221555 0.048376158888285614 -0.11148464786636161 0.031659198436605168
leaf_weight=5264.4101055015926 4634.2259633902577 36.8372782622464 11.260466022882609 208.91931544500403 26.195990937529132 525.45255691639613
leaf_count=24473 27907 341 130 656 234 2459
internal_value=-1.05176e-10 -0.00477515 0.00369537 0.038538 0.00236992 0.0246723
internal_weight=10707.3 4671.06 6036.24 220.18 5816.06 551.649
internal_count=56200 28248 27952 786 27166 2693
is_linear=0
shrinkage=0.08


Tree=57
num_leaves=7
num_cat=0
split_feature=33 10 12 15 33 18
split_gain=29.9059 60.7 65.4198 68.5472 58.2927 49.7674
threshold=-0.23524884413480385 -0.84170136559426623 1.1247345957949328 -0.78346631992184779 -0.21065067729138251 0.41184865251611436
decision_type=2 2 2 2 2 2
left_child=1 -1 3 -3 5 -2
right_child=4 2 -4 -5 -6 -7
leaf_value=0.034273958887755827 -0.022751837709543709 0.0029651860950435662 0.051498826557561744 -0.04213215269372076 0.00067152486259254704 0.078543189632471297
leaf_weight=154.9022139221197 42.54977510496974 343.88460726768244 75.962228395044804 577.16666172840632 9370.6481747057987 110.11658636038192
leaf_count=795 294 2209 276 4473 47760 393
internal_value=-5.55371e-12 -0.0121691 -0.0194119 -0.0253096 0.00147306 0.0503468
internal_weight=10675.2 1151.92 997.013 921.051 9523.31 152.666
internal_count=56200 7753 6958 6682 48447 687
is_linear=0
shrinkage=0.08


Tree=58
num_leaves=7
num_cat=0
split_feature=39 34 0 40 37 40
split_gain=29.9081 32.979 28.3412 47.2537 72.23 54.9487
threshold=-0.76763468692571879 0.22297403418765402 -1.720625884036882 0.60345447315334444 0.27790642928565062 0.66568869819068088
decision_type=2 2 2 2 2 2
left_child=1 -1 3 4 -2 -5
right_child=2 -3 -4 5 -6 -7
leaf_value=-0.014552827042812497 -0.1026976045755869 -0.093325472921222258 0.0014317525974909082 0.1203683390255359 0.067955914445277904 -0.015803741705299128
leaf_weight=260.60326725960476 78.455643552122638 38.230145219189581 10052.505307717249 20.33443848323077 19.089078255929053 169.79197842185386
leaf_count=5481 1384 1694 46394 50 91 1106
internal_value=-5.51707e-11 -0.024908 0.000722185 -0.0239923 -0.0689508 -0.000686255
internal_weight=10639 298.833 10340.2 287.671 97.5447 190.126
internal_count=56200 7175 49025 2631 1475 1156
is_linear=0
shrinkage=0.08


Tree=59
num_leaves=7
num_cat=0
split_feature=40 21 15 9 29 0
split_gain=28.2108 46.6083 41.869 41.0131 36.7453 29.1612
threshold=2.7231680786226211 0.28630928991044741 -0.68080330222110674 -0.35735915043925021 -0.30838109444697992 -1.720625884036882
decision_type=2 2 2 2 2 2
left_child=-1 2 4 -4 -2 -3
right_child=1 5 3 -5 -6 -7
leaf_value=-0.0010083945338175274 0.062293157122709511 -0.083884639349823598 0.027465456451314894 -0.09843424747537069 -0.15660969688927012 0.031455673300593616
leaf_weight=10021.384279629157 5.634241943247619 13.526931119267827 71.707421746104956 20.44387733284384 22.206211045384407 465.05337205226533
leaf_count=54454 16 102 164 76 117 1271
internal_value=-4.6497e-11 0.0168562 -0.0275632 -0.00122241 -0.111685 0.0280275
internal_weight=10620 598.572 119.992 92.1513 27.8405 478.58
internal_count=56200 1746 373 240 133 1373
is_linear=0
shrinkage=0.08


end of trees

feature_importances:
Column_40=53
Column_39=30
Column_16=18
Column_33=17
Column_0=16
Column_28=16
Column_21=15
Column_34=15
Column_17=14
Column_38=13
Column_5=12
Column_2=10
Column_25=10
Column_8=9
Column_11=9
Column_18=9
Column_29=9
Column_15=8
Column_26=8
Column_37=8
Column_9=7
Column_10=7
Column_1=6
Column_32=6
Column_12=5
Column_13=5
Column_24=4
Column_14=3
Column_20=3
Column_36=3
Column_4=2
Column_22=2
Column_23=2
Column_27=2
Column_19=1
Column_30=1
Column_31=1
Column_35=1

parameters:
[boosting: gbdt]
[objective: lambdarank]
[metric: ndcg]
[tree_learner: serial]
[device_type: cpu]
[data_sample_strategy: bagging]
[data: ]
[valid: ]
[num_iterations: 60]
[learning_rate: 0.08]
[num_leaves: 7]
[num_threads: 8]
[seed: 0]
[deterministic: 0]
[force_col_wise: 0]
[force_row_wise: 0]
[histogram_pool_size: -1]
[max_depth: 4]
[min_data_in_leaf: 2]
[min_sum_hessian_in_leaf: 0.001]
[bagging_fraction: 0.8]
[pos_bagging_fraction: 1]
[neg_bagging_fraction: 1]
[bagging_freq: 0]
[bagging_seed: 7719]
[bagging_by_query: 0]
[feature_fraction: 0.8]
[feature_fraction_bynode: 1]
[feature_fraction_seed: 2437]
[extra_trees: 0]
[extra_seed: 11797]
[early_stopping_round: 0]
[early_stopping_min_delta: 0]
[first_metric_only: 0]
[max_delta_step: 0]
[lambda_l1: 0]
[lambda_l2: 1]
[linear_lambda: 0]
[min_gain_to_split: 0]
[drop_rate: 0.1]
[max_drop: 50]
[skip_drop: 0.5]
[xgboost_dart_mode: 0]
[uniform_drop: 0]
[drop_seed: 21238]
[top_rate: 0.2]
[other_rate: 0.1]
[min_data_per_group: 100]
[max_cat_threshold: 32]
[cat_l2: 10]
[cat_smooth: 10]
[max_cat_to_onehot: 4]
[top_k: 20]
[monotone_constraints: ]
[monotone_constraints_method: basic]
[monotone_penalty: 0]
[feature_contri: ]
[forcedsplits_filename: ]
[refit_decay_rate: 0.9]
[cegb_tradeoff: 1]
[cegb_penalty_split: 0]
[cegb_penalty_feature_lazy: ]
[cegb_penalty_feature_coupled: ]
[path_smooth: 0]
[interaction_constraints: ]
[verbosity: -1]
[saved_feature_importance_type: 0]
[use_quantized_grad: 0]
[num_grad_quant_bins: 4]
[quant_train_renew_leaf: 0]
[stochastic_rounding: 1]
[linear_tree: 0]
[max_bin: 255]
[max_bin_by_feature: ]
[min_data_in_bin: 3]
[bin_construct_sample_cnt: 200000]
[data_random_seed: 38]
[is_enable_sparse: 1]
[enable_bundle: 1]
[use_missing: 1]
[zero_as_missing: 0]
[feature_pre_filter: 1]
[pre_partition: 0]
[two_round: 0]
[header: 0]
[label_column: ]
[weight_column: ]
[group_column: ]
[ignore_column: ]
[categorical_feature: ]
[forcedbins_filename: ]
[precise_float_parser: 0]
[parser_config_file: ]
[objective_seed: 8855]
[num_class: 1]
[is_unbalance: 0]
[scale_pos_weight: 1]
[sigmoid: 1]
[boost_from_average: 1]
[reg_sqrt: 0]
[alpha: 0.9]
[fair_c: 1]
[poisson_max_delta_step: 0.7]
[tweedie_variance_power: 1.5]
[lambdarank_truncation_level: 30]
[lambdarank_norm: 1]
[label_gain: ]
[lambdarank_position_bias_regularization: 0]
[eval_at: 1,2,3,4,5]
[multi_error_top_k: 1]
[auc_mu_weights: ]
[num_machines: 1]
[local_listen_port: 12400]
[time_out: 120]
[machine_list_filename: ]
[machines: ]
[gpu_platform_id: -1]
[gpu_device_id: -1]
[gpu_device_id_list: ]
[gpu_use_dp: 0]
[num_gpu: 1]

end of parameters

pandas_categorical:null
